,0,1,2,3,4,5,6,7,8,9,10,11,12,13,14,15,16,17,18,19,20,21,22,23,24,25,26,27,28,29,30,31,32,33,34,35,36,37,38,39,40,41,42,43,44,45,46,47,48,49,50,51,52,53,54,55,56,57,58,59,60,61,62,63,64,65,66,67,68,69,70,71,72,73,74,75,76,77,78,79,80,81,82,83,84,85,86,87,88,89,90,91,92,93,94,95,96,97,98,99,100,101,102,103,104,105,106,107,108,109,110,111,112,113,114,115,116,117,118,119,120,121,122,123,124,125,126,127,128,129,130,131,132,133,134,135,SMILES
0,1.0,0.3333333333333333,0.42857142857142855,0.3,0.3,0.2727272727272727,0.2727272727272727,0.3,0.3157894736842105,0.2857142857142857,0.0273972602739726,0.04395604395604396,0.02577319587628866,0.03007518796992481,0.03508771929824561,0.024691358024691357,0.024691358024691357,0.024691358024691357,0.023809523809523808,0.016194331983805668,0.01567398119122257,0.014084507042253521,0.0,0.0,0.0,0.08695652173913043,0.026865671641791045,0.009057971014492754,0.022922636103151862,0.019522776572668113,0.018018018018018018,0.019002375296912115,0.0211864406779661,0.049586776859504134,0.23809523809523808,0.21428571428571427,0.1111111111111111,0.08108108108108109,0.2222222222222222,0.4,0.35294117647058826,0.18181818181818182,0.12903225806451613,0.06217616580310881,0.13333333333333333,0.06557377049180328,0.1188118811881188,0.12631578947368421,0.11650485436893204,0.04285714285714286,0.23076923076923078,0.11650485436893204,0.03317535545023697,0.015471167369901548,0.05555555555555555,0.027522935779816515,0.05917159763313609,0.031914893617021274,0.0625,0.06349206349206349,0.1188118811881188,0.01444043321299639,0.02857142857142857,0.03571428571428571,0.043137254901960784,0.03806228373702422,0.035830618892508145,0.038461538461538464,0.030456852791878174,0.030456852791878174,0.05660377358490566,0.026119402985074626,0.07692307692307693,0.05970149253731343,0.06060606060606061,0.12,0.05106382978723404,0.0594059405940594,0.11764705882352941,0.13043478260869565,0.21428571428571427,0.2222222222222222,0.25,0.11904761904761904,0.2777777777777778,0.0380952380952381,0.041237113402061855,0.04329004329004329,0.02023121387283237,0.2222222222222222,0.2,0.3,0.21428571428571427,0.25,0.23076923076923078,0.12903225806451613,0.2857142857142857,0.25,0.12903225806451613,0.1694915254237288,0.20833333333333334,0.15384615384615385,0.041666666666666664,0.10810810810810811,0.09523809523809523,0.1111111111111111,0.2857142857142857,0.08759124087591241,0.03,0.25,0.010230179028132993,0.19047619047619047,0.0449438202247191,0.08108108108108109,0.04938271604938271,0.015789473684210527,0.02321083172147002,0.04918032786885246,0.018691588785046728,0.0072992700729927005,0.0140625,0.024390243902439025,0.018018018018018018,0.012437810945273632,0.011235955056179775,0.010351966873706004,0.375,0.4444444444444444,0.5,0.5454545454545454,0.3333333333333333,0.15384615384615385,0.17391304347826086,0.19230769230769232,0.16901408450704225,0.12631578947368421,CCCCCCC
1,0.3333333333333333,1.0,0.3333333333333333,0.3,0.3,0.2727272727272727,0.2727272727272727,0.23809523809523808,0.25,0.22727272727272727,0.041666666666666664,0.05555555555555555,0.015306122448979591,0.022388059701492536,0.02608695652173913,0.018404907975460124,0.018404907975460124,0.018404907975460124,0.01775147928994083,0.024489795918367346,0.022082018927444796,0.006993006993006993,0.0,0.0,0.0,0.08695652173913043,0.03303303303303303,0.014571948998178506,0.02586206896551724,0.019522776572668113,0.012544802867383513,0.02142857142857143,0.0211864406779661,0.058333333333333334,0.23809523809523808,0.21428571428571427,0.1111111111111111,0.0738255033557047,0.15789473684210525,0.3125,0.2777777777777778,0.14705882352941177,0.12903225806451613,0.06217616580310881,0.0759493670886076,0.06557377049180328,0.0970873786407767,0.10309278350515463,0.10576923076923077,0.03546099290780142,0.23076923076923078,0.10576923076923077,0.05314009661835749,0.015471167369901548,0.05555555555555555,0.027522935779816515,0.04678362573099415,0.0374331550802139,0.05699481865284974,0.06349206349206349,0.0970873786407767,0.029304029304029304,0.024390243902439025,0.023529411764705882,0.023076923076923078,0.02040816326530612,0.019230769230769232,0.018867924528301886,0.027848101265822784,0.027848101265822784,0.05660377358490566,0.03773584905660377,0.07692307692307693,0.04926108374384237,0.05,0.09803921568627451,0.04219409282700422,0.054187192118226604,0.09615384615384616,0.13043478260869565,0.21428571428571427,0.15789473684210525,0.17647058823529413,0.11904761904761904,0.15,0.06862745098039216,0.06315789473684211,0.05240174672489083,0.03216374269005848,0.2222222222222222,0.2,0.3,0.21428571428571427,0.3333333333333333,0.45454545454545453,0.09375,0.5,0.13636363636363635,0.16666666666666666,0.09523809523809523,0.11538461538461539,0.2,0.041666666666666664,0.09821428571428571,0.12195121951219512,0.09090909090909091,0.125,0.04195804195804196,0.024875621890547265,0.2,0.007653061224489796,0.08695652173913043,0.0449438202247191,0.0738255033557047,0.04938271604938271,0.021164021164021163,0.02321083172147002,0.04918032786885246,0.013953488372093023,0.00975609756097561,0.010903426791277258,0.024390243902439025,0.012544802867383513,0.014962593516209476,0.013513513513513514,0.014553014553014554,0.8333333333333334,0.625,0.5,0.4166666666666667,0.3333333333333333,0.25,0.2558139534883721,0.19230769230769232,0.136986301369863,0.12631578947368421,CC(C)C(C)C
2,0.42857142857142855,0.3333333333333333,1.0,0.7,0.7,0.6363636363636364,0.6363636363636364,0.7,0.7368421052631579,0.6666666666666666,0.02247191011235955,0.037383177570093455,0.023809523809523808,0.026845637583892617,0.03076923076923077,0.02247191011235955,0.02247191011235955,0.02247191011235955,0.021739130434782608,0.026923076923076925,0.024096385542168676,0.01910828025477707,0.009009009009009009,0.010582010582010581,0.006329113924050633,0.2028985507246377,0.043478260869565216,0.017761989342806393,0.027548209366391185,0.02531645569620253,0.01929824561403509,0.02534562211981567,0.035343035343035345,0.043795620437956206,0.36,0.13636363636363635,0.08571428571428572,0.1891891891891892,0.15384615384615385,0.5263157894736842,0.47619047619047616,0.42424242424242425,0.3010752688172043,0.14507772020725387,0.1348314606741573,0.15300546448087432,0.27722772277227725,0.29473684210526313,0.27184466019417475,0.1,0.5384615384615384,0.22429906542056074,0.05405405405405406,0.027855153203342618,0.12962962962962962,0.06422018348623854,0.07142857142857142,0.029411764705882353,0.14583333333333334,0.14814814814814814,0.27722772277227725,0.02413793103448276,0.03474903474903475,0.041353383458646614,0.048327137546468404,0.046357615894039736,0.047021943573667714,0.046153846153846156,0.07106598984771574,0.07106598984771574,0.1320754716981132,0.046762589928057555,0.1794871794871795,0.13930348258706468,0.1414141414141414,0.28,0.11914893617021277,0.13861386138613863,0.27450980392156865,0.30434782608695654,0.13636363636363635,0.15384615384615385,0.16666666666666666,0.1956521739130435,0.19230769230769232,0.05042016806722689,0.06862745098039216,0.08438818565400844,0.03361344537815126,0.11764705882352941,0.13043478260869565,0.16666666666666666,0.13636363636363635,0.2727272727272727,0.2631578947368421,0.10256410256410256,0.3684210526315789,0.2222222222222222,0.19444444444444445,0.1643835616438356,0.1935483870967742,0.22580645161290322,0.0375,0.25225225225225223,0.14893617021276595,0.19298245614035087,0.20689655172413793,0.0784313725490196,0.027777777777777776,0.46153846153846156,0.017326732673267328,0.1518987341772152,0.10486891385767791,0.1891891891891892,0.11522633744855967,0.017721518987341773,0.05415860735009671,0.11475409836065574,0.017391304347826087,0.011764705882352941,0.016819571865443424,0.02262443438914027,0.01929824561403509,0.01927710843373494,0.017467248908296942,0.020242914979757085,0.35714285714285715,0.5,0.6428571428571429,0.6666666666666666,0.47368421052631576,0.26666666666666666,0.25,0.3,0.32,0.29473684210526313,CC1CCCCC1
3,0.3,0.3,0.7,1.0,1.0,0.9090909090909091,0.9090909090909091,0.5384615384615384,0.6956521739130435,0.64,0.03,0.0423728813559322,0.027149321266968326,0.03773584905660377,0.03546099290780142,0.026455026455026454,0.026455026455026454,0.031914893617021274,0.030927835051546393,0.03333333333333333,0.029239766081871343,0.01775147928994083,0.024793388429752067,0.025252525252525252,0.015384615384615385,0.2898550724637681,0.0449438202247191,0.020942408376963352,0.029411764705882353,0.026804123711340205,0.020654044750430294,0.02696629213483146,0.038696537678207736,0.0472972972972973,0.2903225806451613,0.10714285714285714,0.08641975308641975,0.2129032258064516,0.125,0.4,0.37037037037037035,0.43243243243243246,0.43010752688172044,0.20725388601036268,0.13,0.2185792349726776,0.3055555555555556,0.3106796116504854,0.3,0.11498257839721254,0.7692307692307693,0.2543859649122807,0.0603448275862069,0.034482758620689655,0.18518518518518517,0.07692307692307693,0.07253886010362694,0.037383177570093455,0.14285714285714285,0.21164021164021163,0.29357798165137616,0.033444816053511704,0.037037037037037035,0.04332129963898917,0.05,0.04792332268370607,0.048484848484848485,0.047619047619047616,0.07425742574257425,0.07425742574257425,0.18867924528301888,0.04844290657439446,0.2564102564102564,0.15311004784688995,0.1553398058252427,0.308411214953271,0.13168724279835392,0.15789473684210525,0.2909090909090909,0.43478260869565216,0.10714285714285714,0.125,0.13333333333333333,0.17307692307692307,0.15625,0.05384615384615385,0.07981220657276995,0.09349593495934959,0.035326086956521736,0.08695652173913043,0.10344827586206896,0.125,0.10714285714285714,0.21428571428571427,0.2,0.10112359550561797,0.3333333333333333,0.18181818181818182,0.16666666666666666,0.1411764705882353,0.16216216216216217,0.1891891891891892,0.03488372093023256,0.23770491803278687,0.1320754716981132,0.184,0.20588235294117646,0.09259259259259259,0.035398230088495575,0.4666666666666667,0.01927710843373494,0.13186813186813187,0.149812734082397,0.2129032258064516,0.1646090534979424,0.022222222222222223,0.07736943907156674,0.16393442622950818,0.029288702928870293,0.020785219399538105,0.024205748865355523,0.02586206896551724,0.020654044750430294,0.028368794326241134,0.02575107296137339,0.027888446215139442,0.25,0.35,0.45,0.47619047619047616,0.36,0.29411764705882354,0.22388059701492538,0.25,0.3373493975903614,0.42105263157894735,C[C@H]1CCCC[C@@H]1C
4,0.3,0.3,0.7,1.0,1.0,0.9090909090909091,0.9090909090909091,0.5384615384615384,0.6956521739130435,0.64,0.03,0.0423728813559322,0.027149321266968326,0.03773584905660377,0.03546099290780142,0.026455026455026454,0.026455026455026454,0.031914893617021274,0.030927835051546393,0.03333333333333333,0.029239766081871343,0.01775147928994083,0.024793388429752067,0.025252525252525252,0.015384615384615385,0.2898550724637681,0.0449438202247191,0.020942408376963352,0.029411764705882353,0.026804123711340205,0.020654044750430294,0.02696629213483146,0.038696537678207736,0.0472972972972973,0.2903225806451613,0.10714285714285714,0.08641975308641975,0.2129032258064516,0.125,0.4,0.37037037037037035,0.43243243243243246,0.43010752688172044,0.20725388601036268,0.13,0.2185792349726776,0.3055555555555556,0.3106796116504854,0.3,0.11498257839721254,0.7692307692307693,0.2543859649122807,0.0603448275862069,0.034482758620689655,0.18518518518518517,0.07692307692307693,0.07253886010362694,0.037383177570093455,0.14285714285714285,0.21164021164021163,0.29357798165137616,0.033444816053511704,0.037037037037037035,0.04332129963898917,0.05,0.04792332268370607,0.048484848484848485,0.047619047619047616,0.07425742574257425,0.07425742574257425,0.18867924528301888,0.04844290657439446,0.2564102564102564,0.15311004784688995,0.1553398058252427,0.308411214953271,0.13168724279835392,0.15789473684210525,0.2909090909090909,0.43478260869565216,0.10714285714285714,0.125,0.13333333333333333,0.17307692307692307,0.15625,0.05384615384615385,0.07981220657276995,0.09349593495934959,0.035326086956521736,0.08695652173913043,0.10344827586206896,0.125,0.10714285714285714,0.21428571428571427,0.2,0.10112359550561797,0.3333333333333333,0.18181818181818182,0.16666666666666666,0.1411764705882353,0.16216216216216217,0.1891891891891892,0.03488372093023256,0.23770491803278687,0.1320754716981132,0.184,0.20588235294117646,0.09259259259259259,0.035398230088495575,0.4666666666666667,0.01927710843373494,0.13186813186813187,0.149812734082397,0.2129032258064516,0.1646090534979424,0.022222222222222223,0.07736943907156674,0.16393442622950818,0.029288702928870293,0.020785219399538105,0.024205748865355523,0.02586206896551724,0.020654044750430294,0.028368794326241134,0.02575107296137339,0.027888446215139442,0.25,0.35,0.45,0.47619047619047616,0.36,0.29411764705882354,0.22388059701492538,0.25,0.3373493975903614,0.42105263157894735,C[C@@H]1CCCC[C@@H]1C
5,0.2727272727272727,0.2727272727272727,0.6363636363636364,0.9090909090909091,0.9090909090909091,1.0,1.0,0.5555555555555556,0.782608695652174,0.72,0.028846153846153848,0.040983606557377046,0.03125,0.03680981595092025,0.034482758620689655,0.025906735751295335,0.025906735751295335,0.03125,0.030303030303030304,0.032846715328467155,0.028901734104046242,0.017341040462427744,0.024,0.024752475247524754,0.015197568389057751,0.3188405797101449,0.05027932960893855,0.02434782608695652,0.034574468085106384,0.030800821355236138,0.024013722126929673,0.03131991051454139,0.04259634888438134,0.046052631578947366,0.2727272727272727,0.1,0.08235294117647059,0.23870967741935484,0.11764705882352941,0.37037037037037035,0.3448275862068966,0.4864864864864865,0.4731182795698925,0.22797927461139897,0.125,0.24043715846994534,0.3425925925925926,0.34951456310679613,0.33636363636363636,0.1289198606271777,0.8461538461538461,0.2457627118644068,0.059322033898305086,0.037138927097661624,0.2037037037037037,0.08597285067873303,0.07106598984771574,0.03669724770642202,0.14009661835748793,0.2328042328042328,0.3302752293577982,0.03642384105960265,0.0364963503649635,0.042704626334519574,0.04929577464788732,0.05063291139240506,0.05105105105105105,0.05014749262536873,0.07881773399014778,0.07881773399014778,0.20754716981132076,0.04778156996587031,0.28205128205128205,0.1722488038277512,0.17475728155339806,0.34579439252336447,0.14814814814814814,0.17703349282296652,0.32727272727272727,0.4782608695652174,0.1,0.11764705882352941,0.125,0.16666666666666666,0.14705882352941177,0.05223880597014925,0.08333333333333333,0.0963855421686747,0.03773584905660377,0.08,0.0967741935483871,0.11538461538461539,0.1,0.2,0.18518518518518517,0.0967741935483871,0.3076923076923077,0.17142857142857143,0.1590909090909091,0.1348314606741573,0.15384615384615385,0.1794871794871795,0.03409090909090909,0.25,0.14814814814814814,0.1968503937007874,0.19444444444444445,0.09036144578313253,0.034782608695652174,0.4375,0.01909307875894988,0.12631578947368421,0.1647940074906367,0.23870967741935484,0.18106995884773663,0.024509803921568627,0.0851063829787234,0.18032786885245902,0.02880658436213992,0.02528735632183908,0.02406015037593985,0.025423728813559324,0.024013722126929673,0.02810304449648712,0.02553191489361702,0.02766798418972332,0.22727272727272727,0.3181818181818182,0.4090909090909091,0.43478260869565216,0.3333333333333333,0.2777777777777778,0.2112676056338028,0.23684210526315788,0.3218390804597701,0.4631578947368421,C1CC[C@H]2CCCC[C@@H]2C1
6,0.2727272727272727,0.2727272727272727,0.6363636363636364,0.9090909090909091,0.9090909090909091,1.0,1.0,0.5555555555555556,0.782608695652174,0.72,0.028846153846153848,0.040983606557377046,0.03125,0.03680981595092025,0.034482758620689655,0.025906735751295335,0.025906735751295335,0.03125,0.030303030303030304,0.032846715328467155,0.028901734104046242,0.017341040462427744,0.024,0.024752475247524754,0.015197568389057751,0.3188405797101449,0.05027932960893855,0.02434782608695652,0.034574468085106384,0.030800821355236138,0.024013722126929673,0.03131991051454139,0.04259634888438134,0.046052631578947366,0.2727272727272727,0.1,0.08235294117647059,0.23870967741935484,0.11764705882352941,0.37037037037037035,0.3448275862068966,0.4864864864864865,0.4731182795698925,0.22797927461139897,0.125,0.24043715846994534,0.3425925925925926,0.34951456310679613,0.33636363636363636,0.1289198606271777,0.8461538461538461,0.2457627118644068,0.059322033898305086,0.037138927097661624,0.2037037037037037,0.08597285067873303,0.07106598984771574,0.03669724770642202,0.14009661835748793,0.2328042328042328,0.3302752293577982,0.03642384105960265,0.0364963503649635,0.042704626334519574,0.04929577464788732,0.05063291139240506,0.05105105105105105,0.05014749262536873,0.07881773399014778,0.07881773399014778,0.20754716981132076,0.04778156996587031,0.28205128205128205,0.1722488038277512,0.17475728155339806,0.34579439252336447,0.14814814814814814,0.17703349282296652,0.32727272727272727,0.4782608695652174,0.1,0.11764705882352941,0.125,0.16666666666666666,0.14705882352941177,0.05223880597014925,0.08333333333333333,0.0963855421686747,0.03773584905660377,0.08,0.0967741935483871,0.11538461538461539,0.1,0.2,0.18518518518518517,0.0967741935483871,0.3076923076923077,0.17142857142857143,0.1590909090909091,0.1348314606741573,0.15384615384615385,0.1794871794871795,0.03409090909090909,0.25,0.14814814814814814,0.1968503937007874,0.19444444444444445,0.09036144578313253,0.034782608695652174,0.4375,0.01909307875894988,0.12631578947368421,0.1647940074906367,0.23870967741935484,0.18106995884773663,0.024509803921568627,0.0851063829787234,0.18032786885245902,0.02880658436213992,0.02528735632183908,0.02406015037593985,0.025423728813559324,0.024013722126929673,0.02810304449648712,0.02553191489361702,0.02766798418972332,0.22727272727272727,0.3181818181818182,0.4090909090909091,0.43478260869565216,0.3333333333333333,0.2777777777777778,0.2112676056338028,0.23684210526315788,0.3218390804597701,0.4631578947368421,C1CC[C@H]2CCCC[C@H]2C1
7,0.3,0.23809523809523808,0.7,0.5384615384615384,0.5384615384615384,0.5555555555555556,0.5555555555555556,1.0,0.625,0.64,0.03,0.0423728813559322,0.027149321266968326,0.03125,0.03546099290780142,0.031914893617021274,0.031914893617021274,0.026455026455026454,0.02564102564102564,0.03333333333333333,0.029239766081871343,0.01775147928994083,0.008130081300813009,0.015,0.006097560975609756,0.2898550724637681,0.04788732394366197,0.024518388791593695,0.029411764705882353,0.026804123711340205,0.020654044750430294,0.02696629213483146,0.038696537678207736,0.0472972972972973,0.2903225806451613,0.10714285714285714,0.07317073170731707,0.189873417721519,0.125,0.4583333333333333,0.4230769230769231,0.43243243243243246,0.3434343434343434,0.165,0.1188118811881188,0.16753926701570682,0.29357798165137616,0.3106796116504854,0.2882882882882883,0.1111111111111111,0.6428571428571429,0.20168067226890757,0.055793991416309016,0.03305785123966942,0.13777777777777778,0.07207207207207207,0.07253886010362694,0.03255813953488372,0.14285714285714285,0.21164021164021163,0.29357798165137616,0.026578073089700997,0.040892193308550186,0.04710144927536232,0.053763440860215055,0.05806451612903226,0.0581039755351682,0.057057057057057055,0.10152284263959391,0.10152284263959391,0.14027149321266968,0.052083333333333336,0.1951219512195122,0.15865384615384615,0.16097560975609757,0.2962962962962963,0.13168724279835392,0.15789473684210525,0.2909090909090909,0.43478260869565216,0.10714285714285714,0.125,0.13333333333333333,0.22,0.15625,0.05384615384615385,0.06481481481481481,0.08032128514056225,0.03814713896457766,0.08695652173913043,0.10344827586206896,0.125,0.10714285714285714,0.25925925925925924,0.2,0.08888888888888889,0.28,0.18181818181818182,0.16666666666666666,0.1411764705882353,0.16216216216216217,0.1891891891891892,0.04093567251461988,0.36036036036036034,0.15384615384615385,0.2542372881355932,0.17142857142857143,0.07926829268292683,0.030837004405286344,0.41935483870967744,0.021739130434782608,0.13186813186813187,0.13284132841328414,0.189873417721519,0.13654618473895583,0.022222222222222223,0.06095238095238095,0.13147410358565736,0.02074688796680498,0.018433179723502304,0.022658610271903322,0.02586206896551724,0.020654044750430294,0.023529411764705882,0.023554603854389723,0.02584493041749503,0.25,0.35,0.45,0.47619047619047616,0.36,0.2222222222222222,0.24242424242424243,0.25,0.27586206896551724,0.2857142857142857,C1CC2CCC1C2
8,0.3157894736842105,0.25,0.7368421052631579,0.6956521739130435,0.6956521739130435,0.782608695652174,0.782608695652174,0.625,1.0,0.8181818181818182,0.020202020202020204,0.03418803418803419,0.03211009174311927,0.03164556962025317,0.02857142857142857,0.02127659574468085,0.02127659574468085,0.026737967914438502,0.025906735751295335,0.025925925925925925,0.023391812865497075,0.017964071856287425,0.016666666666666666,0.015151515151515152,0.012345679012345678,0.2753623188405797,0.04815864022662889,0.021015761821366025,0.03234501347708895,0.029045643153526972,0.024263431542461005,0.029411764705882353,0.043121149897330596,0.04081632653061224,0.3,0.1111111111111111,0.08860759493670886,0.25675675675675674,0.12903225806451613,0.4166666666666667,0.44,0.5294117647058824,0.40860215053763443,0.19689119170984457,0.1326530612244898,0.20765027322404372,0.34951456310679613,0.3711340206185567,0.34285714285714286,0.1276595744680851,0.6666666666666666,0.24778761061946902,0.05172413793103448,0.03314917127071823,0.17592592592592593,0.0871559633027523,0.06770833333333333,0.03286384976525822,0.13861386138613863,0.20105820105820105,0.34951456310679613,0.030201342281879196,0.03345724907063197,0.03985507246376811,0.04659498207885305,0.04823151125401929,0.04878048780487805,0.04790419161676647,0.07462686567164178,0.07462686567164178,0.16822429906542055,0.04513888888888889,0.24358974358974358,0.17733990147783252,0.18,0.35294117647058826,0.1518987341772152,0.17647058823529413,0.34615384615384615,0.41304347826086957,0.1111111111111111,0.12903225806451613,0.13793103448275862,0.17647058823529413,0.16129032258064516,0.046511627906976744,0.07547169811320754,0.08979591836734693,0.038356164383561646,0.09090909090909091,0.10714285714285714,0.13043478260869565,0.1111111111111111,0.2222222222222222,0.20833333333333334,0.10344827586206896,0.2916666666666667,0.1875,0.17073170731707318,0.14457831325301204,0.16666666666666666,0.19444444444444445,0.03529411764705882,0.25210084033613445,0.1568627450980392,0.19672131147540983,0.21212121212121213,0.09375,0.02654867256637168,0.4827586206896552,0.01937046004842615,0.1348314606741573,0.13382899628252787,0.25675675675675674,0.15637860082304528,0.019801980198019802,0.0735009671179884,0.1557377049180328,0.016666666666666666,0.02088167053364269,0.02118003025718608,0.021645021645021644,0.024263431542461005,0.018823529411764704,0.017094017094017096,0.01984126984126984,0.2631578947368421,0.3684210526315789,0.47368421052631576,0.5,0.43478260869565216,0.22857142857142856,0.21212121212121213,0.29411764705882354,0.345679012345679,0.3711340206185567,C1CC2CCC1CC2
9,0.2857142857142857,0.22727272727272727,0.6666666666666666,0.64,0.64,0.72,0.72,0.64,0.8181818181818182,1.0,0.019417475728155338,0.03305785123966942,0.026905829596412557,0.030864197530864196,0.027777777777777776,0.020833333333333332,0.020833333333333332,0.02617801047120419,0.025380710659898477,0.029304029304029304,0.029069767441860465,0.017543859649122806,0.008,0.01485148514851485,0.00911854103343465,0.30434782608695654,0.047619047619047616,0.02264808362369338,0.034759358288770054,0.02880658436213992,0.024096385542168676,0.02914798206278027,0.04276985743380855,0.039735099337748346,0.28125,0.10344827586206896,0.08433734939759036,0.24183006535947713,0.12121212121212122,0.38461538461538464,0.4074074074074074,0.5428571428571428,0.45161290322580644,0.21761658031088082,0.12745098039215685,0.19047619047619047,0.4158415841584158,0.4421052631578947,0.4077669902912621,0.15,0.6206896551724138,0.2608695652173913,0.05084745762711865,0.037241379310344824,0.1780821917808219,0.08636363636363636,0.0663265306122449,0.03225806451612903,0.13592233009708737,0.2222222222222222,0.4158415841584158,0.029801324503311258,0.03296703296703297,0.039285714285714285,0.045936395759717315,0.050955414012738856,0.0513595166163142,0.050445103857566766,0.07920792079207921,0.07920792079207921,0.17050691244239632,0.04452054794520548,0.2692307692307692,0.208955223880597,0.21212121212121213,0.42,0.17872340425531916,0.2079207920792079,0.4117647058823529,0.45652173913043476,0.10344827586206896,0.12121212121212122,0.12903225806451613,0.16981132075471697,0.15151515151515152,0.045112781954887216,0.07407407407407407,0.08835341365461848,0.03513513513513514,0.08333333333333333,0.1,0.12,0.10344827586206896,0.20689655172413793,0.19230769230769232,0.0989010989010989,0.2692307692307692,0.17647058823529413,0.16279069767441862,0.13793103448275862,0.15789473684210525,0.18421052631578946,0.04046242774566474,0.2644628099173554,0.1509433962264151,0.19047619047619047,0.2,0.09146341463414634,0.02608695652173913,0.5,0.019184652278177457,0.12903225806451613,0.14022140221402213,0.24183006535947713,0.1728395061728395,0.0196078431372549,0.08123791102514506,0.1721311475409836,0.01639344262295082,0.020689655172413793,0.021052631578947368,0.02564102564102564,0.024096385542168676,0.0234192037470726,0.02127659574468085,0.023715415019762844,0.23809523809523808,0.3333333333333333,0.42857142857142855,0.5238095238095238,0.34615384615384615,0.21621621621621623,0.23529411764705882,0.24324324324324326,0.3614457831325301,0.3838383838383838,C1C2CC3CC1CC(C2)C3
10,0.0273972602739726,0.041666666666666664,0.02247191011235955,0.03,0.03,0.028846153846153848,0.028846153846153848,0.03,0.020202020202020204,0.019417475728155338,1.0,0.7590361445783133,0.33689839572192515,0.504,0.5943396226415094,0.4090909090909091,0.4090909090909091,0.4090909090909091,0.39375,0.26359832635983266,0.20192307692307693,0.25,0.33636363636363636,0.21505376344086022,0.12779552715654952,0.03076923076923077,0.031331592689295036,0.04288164665523156,0.030303030303030304,0.025590551181102362,0.07880910683012259,0.02564102564102564,0.02895752895752896,0.5478260869565217,0.019801980198019802,0.036585365853658534,0.027777777777777776,0.01932367149758454,0.03260869565217391,0.02197802197802198,0.021052631578947368,0.023809523809523808,0.02631578947368421,0.024,0.03816793893129771,0.029288702928870293,0.031446540880503145,0.01935483870967742,0.018404907975460124,0.020833333333333332,0.036036036036036036,0.031055900621118012,0.18502202643171806,0.06915629322268327,0.02952029520295203,0.026748971193415638,0.3772455089820359,0.34615384615384615,0.328125,0.02857142857142857,0.018633540372670808,0.2342007434944238,0.16538461538461538,0.15985130111524162,0.15693430656934307,0.1396103896103896,0.13190184049079753,0.12951807228915663,0.10922330097087378,0.10922330097087378,0.0299625468164794,0.15602836879432624,0.028169014084507043,0.027237354085603113,0.023529411764705882,0.025157232704402517,0.017064846416382253,0.023166023166023165,0.024844720496894408,0.026490066225165563,0.024096385542168676,0.021505376344086023,0.02247191011235955,0.028368794326241134,0.021052631578947368,0.6494845360824743,0.0411522633744856,0.03914590747330961,0.18475073313782991,0.028169014084507043,0.03571428571428571,0.02666666666666667,0.024096385542168676,0.03409090909090909,0.024691358024691357,0.03418803418803419,0.03571428571428571,0.020202020202020204,0.025423728813559324,0.01694915254237288,0.018691588785046728,0.01834862385321101,0.03608247422680412,0.023529411764705882,0.014184397163120567,0.042682926829268296,0.019417475728155338,0.030927835051546393,0.3247422680412371,0.01834862385321101,0.10945273631840796,0.016129032258064516,0.03125,0.01932367149758454,0.023411371237458192,0.16844919786096257,0.0338680926916221,0.026755852842809364,0.3058252427184466,0.15671641791044777,0.0989010989010989,0.3181818181818182,0.07880910683012259,0.15949367088607594,0.14383561643835616,0.1323529411764706,0.028169014084507043,0.02666666666666667,0.02531645569620253,0.024096385542168676,0.03409090909090909,0.027777777777777776,0.019417475728155338,0.03669724770642202,0.022900763358778626,0.032679738562091505,CCc1ccccc1
11,0.04395604395604396,0.05555555555555555,0.037383177570093455,0.0423728813559322,0.0423728813559322,0.040983606557377046,0.040983606557377046,0.0423728813559322,0.03418803418803419,0.03305785123966942,0.7590361445783133,1.0,0.3170731707317073,0.4444444444444444,0.512,0.3699421965317919,0.37790697674418605,0.3699421965317919,0.3575418994413408,0.2578125,0.20426829268292682,0.24277456647398843,0.2846153846153846,0.1941747572815534,0.1268882175226586,0.03755868544600939,0.040100250626566414,0.048414023372287146,0.03631961259079903,0.03639846743295019,0.09090909090909091,0.03734439834024896,0.04143126177024482,0.7217391304347827,0.03361344537815126,0.05,0.03968253968253968,0.02666666666666667,0.045454545454545456,0.046296296296296294,0.044642857142857144,0.04195804195804196,0.04142011834319527,0.029850746268656716,0.04697986577181208,0.03501945525291829,0.03954802259887006,0.028901734104046242,0.027624309392265192,0.03125,0.046511627906976744,0.03910614525139665,0.1991701244813278,0.08038147138964577,0.03819444444444445,0.03386454183266932,0.49700598802395207,0.45604395604395603,0.4322916666666667,0.034220532319391636,0.027932960893854747,0.30855018587360594,0.17883211678832117,0.17314487632508835,0.1701388888888889,0.15217391304347827,0.14411764705882352,0.1416184971098266,0.11971830985915492,0.11971830985915492,0.03873239436619718,0.16891891891891891,0.03463203463203463,0.03272727272727273,0.03308823529411765,0.03977272727272727,0.02912621359223301,0.03260869565217391,0.0335195530726257,0.041666666666666664,0.039603960396039604,0.036036036036036036,0.037383177570093455,0.04430379746835443,0.035398230088495575,0.5652173913043478,0.05,0.04697986577181208,0.181058495821727,0.0449438202247191,0.049019607843137254,0.043010752688172046,0.039603960396039604,0.05714285714285714,0.04040404040404041,0.044444444444444446,0.0594059405940594,0.03418803418803419,0.03676470588235294,0.029411764705882353,0.032,0.031496062992125984,0.05741626794258373,0.031914893617021274,0.025157232704402517,0.04945054945054945,0.03305785123966942,0.03773584905660377,0.3127962085308057,0.03968253968253968,0.11750599520383694,0.028169014084507043,0.03550295857988166,0.02666666666666667,0.03164556962025317,0.22192513368983957,0.03986135181975736,0.03481012658227848,0.29596412556053814,0.16028708133971292,0.10939907550077041,0.3130841121495327,0.09090909090909091,0.1630170316301703,0.14757709251101322,0.13617886178861788,0.0449438202247191,0.043010752688172046,0.041237113402061855,0.039603960396039604,0.04716981132075472,0.03968253968253968,0.03305785123966942,0.047244094488188976,0.03355704697986577,0.04093567251461988,CC(C)c1ccccc1
12,0.02577319587628866,0.015306122448979591,0.023809523809523808,0.027149321266968326,0.027149321266968326,0.03125,0.03125,0.027149321266968326,0.03211009174311927,0.026905829596412557,0.33689839572192515,0.3170731707317073,1.0,0.5145631067961165,0.5668449197860963,0.45726495726495725,0.45726495726495725,0.47619047619047616,0.4641350210970464,0.30275229357798167,0.26329113924050634,0.2862903225806452,0.16810344827586207,0.1513157894736842,0.21683673469387754,0.06209150326797386,0.079002079002079,0.10075187969924812,0.07474747474747474,0.08221476510067115,0.15805946791862285,0.08243727598566308,0.07704918032786885,0.2905982905982906,0.017937219730941704,0.03980099502487562,0.03982300884955752,0.050156739811912224,0.04285714285714286,0.02843601895734597,0.03271028037383177,0.036885245901639344,0.05263157894736842,0.0584958217270195,0.056910569105691054,0.06321839080459771,0.043478260869565216,0.03296703296703297,0.04316546762589928,0.0735632183908046,0.03463203463203463,0.058394160583941604,0.24761904761904763,0.12547051442910917,0.07180851063829788,0.08159722222222222,0.26881720430107525,0.25510204081632654,0.2591362126245847,0.06818181818181818,0.043478260869565216,0.2192513368983957,0.23054755043227665,0.22816901408450704,0.22841225626740946,0.20865139949109415,0.19951338199513383,0.19664268585131894,0.17611336032388664,0.17611336032388664,0.06970509383378017,0.21951219512195122,0.06853582554517133,0.05434782608695652,0.06353591160220995,0.04744525547445255,0.055,0.04851752021563342,0.039568345323741004,0.04887218045112782,0.029556650246305417,0.037914691943127965,0.03365384615384615,0.04263565891472868,0.03755868544600939,0.30275229357798167,0.07102272727272728,0.07216494845360824,0.2,0.031413612565445025,0.03940886699507389,0.03076923076923077,0.029556650246305417,0.023809523809523808,0.00975609756097561,0.0425531914893617,0.01932367149758454,0.03686635944700461,0.04700854700854701,0.03829787234042553,0.04017857142857143,0.026200873362445413,0.05177993527508091,0.04195804195804196,0.03088803088803089,0.05734767025089606,0.04090909090909091,0.06229508196721312,0.4111111111111111,0.03070175438596491,0.1825726141078838,0.02880658436213992,0.06823529411764706,0.050156739811912224,0.06172839506172839,0.18604651162790697,0.07975460122699386,0.06157635467980296,0.398576512455516,0.15717092337917485,0.2503793626707132,0.2459546925566343,0.15805946791862285,0.2570194384449244,0.2376237623762376,0.2255083179297597,0.010256410256410256,0.015151515151515152,0.01990049751243781,0.024509803921568627,0.028708133971291867,0.044444444444444446,0.03619909502262444,0.05333333333333334,0.044534412955465584,0.05223880597014925,COc1ccc(C(C)O)cc1
13,0.03007518796992481,0.022388059701492536,0.026845637583892617,0.03773584905660377,0.03773584905660377,0.03680981595092025,0.03680981595092025,0.03125,0.03164556962025317,0.030864197530864196,0.504,0.4444444444444444,0.5145631067961165,1.0,0.848,0.6127167630057804,0.631578947368421,0.622093023255814,0.78125,0.35315985130111527,0.28152492668621704,0.35978835978835977,0.21511627906976744,0.17551020408163265,0.12466124661246612,0.052,0.07529411764705882,0.08766233766233766,0.0730593607305936,0.06776556776556776,0.13949579831932774,0.06903353057199212,0.06630824372759857,0.37142857142857144,0.018518518518518517,0.05,0.048484848484848485,0.05,0.060810810810810814,0.026490066225165563,0.025806451612903226,0.032432432432432434,0.03317535545023697,0.04950495049504951,0.07608695652173914,0.06206896551724138,0.041474654377880185,0.028037383177570093,0.05069124423963134,0.06299212598425197,0.041176470588235294,0.06542056074766354,0.277992277992278,0.10596026490066225,0.05572755417956656,0.07061068702290077,0.29777777777777775,0.28991596638655465,0.27309236947791166,0.053691275167785234,0.046296296296296294,0.2750809061488673,0.25862068965517243,0.2550335570469799,0.2508250825082508,0.22551928783382788,0.2140845070422535,0.21052631578947367,0.17687074829931973,0.17687074829931973,0.05642633228840126,0.24358974358974358,0.05639097744360902,0.04823151125401929,0.05211726384364821,0.046511627906976744,0.04956268221574344,0.04807692307692308,0.0365296803652968,0.04326923076923077,0.0425531914893617,0.053691275167785234,0.04794520547945205,0.045454545454545456,0.046052631578947366,0.4050632911392405,0.06060606060606061,0.056716417910447764,0.18274111675126903,0.046511627906976744,0.05673758865248227,0.045112781954887216,0.0425531914893617,0.026845637583892617,0.013986013986013986,0.057803468208092484,0.027586206896551724,0.04487179487179487,0.05172413793103448,0.04597701149425287,0.042682926829268296,0.023668639053254437,0.052,0.04424778761061947,0.01990049751243781,0.05429864253393665,0.050314465408805034,0.07377049180327869,0.49765258215962443,0.03592814371257485,0.17865429234338748,0.021739130434782608,0.06233062330623306,0.05,0.04843304843304843,0.18246445497630331,0.0664451827242525,0.05128205128205128,0.4711111111111111,0.15065502183406113,0.1687116564417178,0.27165354330708663,0.13949579831932774,0.2682926829268293,0.24282560706401765,0.2240325865580448,0.015037593984962405,0.022058823529411766,0.02142857142857143,0.027972027972027972,0.026845637583892617,0.054878048780487805,0.050314465408805034,0.06060606060606061,0.05945945945945946,0.057692307692307696,Cc1ccc(C(C)O)cc1
14,0.03508771929824561,0.02608695652173913,0.03076923076923077,0.03546099290780142,0.03546099290780142,0.034482758620689655,0.034482758620689655,0.03546099290780142,0.02857142857142857,0.027777777777777776,0.5943396226415094,0.512,0.5668449197860963,0.848,1.0,0.6883116883116883,0.6883116883116883,0.6883116883116883,0.6625,0.36904761904761907,0.29012345679012347,0.38372093023255816,0.24183006535947713,0.18502202643171806,0.1282051282051282,0.04721030042918455,0.06829268292682927,0.07603305785123966,0.06619385342789598,0.058161350844277676,0.1342512908777969,0.058704453441295545,0.05688073394495413,0.4166666666666667,0.02097902097902098,0.05785123966942149,0.0547945205479452,0.049586776859504134,0.06976744186046512,0.030303030303030304,0.029411764705882353,0.029940119760479042,0.031088082901554404,0.04912280701754386,0.0783132530120482,0.05860805860805861,0.04020100502512563,0.025510204081632654,0.05025125628140704,0.051771117166212535,0.039473684210526314,0.0663265306122449,0.2946058091286307,0.09825033647375504,0.05573770491803279,0.060665362035225046,0.32524271844660196,0.3090909090909091,0.2956521739130435,0.05357142857142857,0.045454545454545456,0.24172185430463577,0.26277372262773724,0.25886524822695034,0.25435540069686413,0.22741433021806853,0.2153392330383481,0.21159420289855072,0.17647058823529413,0.17647058823529413,0.05647840531561462,0.24662162162162163,0.056451612903225805,0.037162162162162164,0.05190311418685121,0.04568527918781726,0.04281345565749235,0.04406779661016949,0.03482587064676617,0.042105263157894736,0.04918032786885246,0.06153846153846154,0.05511811023622047,0.05027932960893855,0.05263157894736842,0.460431654676259,0.06474820143884892,0.060126582278481014,0.192,0.05454545454545454,0.06557377049180328,0.05263157894736842,0.04918032786885246,0.03076923076923077,0.016129032258064516,0.06493506493506493,0.031746031746031744,0.051094890510948905,0.05806451612903226,0.05161290322580645,0.04827586206896552,0.02666666666666667,0.05172413793103448,0.04830917874396135,0.02197802197802198,0.0594059405940594,0.05714285714285714,0.0752212389380531,0.5463917525773195,0.03355704697986577,0.17548076923076922,0.024242424242424242,0.05965909090909091,0.049586776859504134,0.04804804804804805,0.18226600985221675,0.05952380952380952,0.04790419161676647,0.5145631067961165,0.15454545454545454,0.1664050235478807,0.2936170212765957,0.1342512908777969,0.2683544303797468,0.2420091324200913,0.22268907563025211,0.017543859649122806,0.02564102564102564,0.024793388429752067,0.03225806451612903,0.03076923076923077,0.06206896551724138,0.05714285714285714,0.0684931506849315,0.059880239520958084,0.05789473684210526,CC(O)c1ccccc1
